timestep,MeasurementMonth,MeasurementYear,WaterElevation
1,1,1950,3084.775333
2,2,1950,2196.4788
3,3,1950,2028.842128
4,4,1950,2588.681538
5,5,1950,2882.21425
6,6,1950,2266.091831
7,7,1950,2091.4116
8,8,1950,1783.914667
9,9,1950,2050.776316
10,10,1950,570.925
11,11,1950,2305.962368
12,12,1950,1621.119375
13,1,1951,1943.926923
14,2,1951,3840.827531
15,3,1951,3424.386
16,4,1951,1590.601429
17,5,1951,1848.125
18,6,1951,1582.7228
19,7,1951,596.4183333
20,8,1951,3745.75
21,9,1951,2255.023333
22,10,1951,885.0725
23,11,1951,2030.635
24,12,1951,462.88
25,1,1952,1847.206585
26,2,1952,3467.134706
27,3,1952,3634.615833
28,4,1952,1743.320769
29,5,1952,2087.997143
30,6,1952,1779.41
31,7,1952,952.6275
32,8,1952,1706.386667
33,9,1952,2314.44
34,10,1952,1377.5075
35,11,1952,649.28125
36,12,1952,586.3861111
37,1,1953,2540.762385
38,2,1953,2706.244762
39,3,1953,2588.914286
40,4,1953,1835.639167
41,5,1953,1873.183333
42,6,1953,433.035
43,7,1953,1080.484118
44,8,1953,698.4271429
45,9,1953,1520.729714
46,10,1953,1712.89
47,11,1953,738.1235714
48,12,1953,2176.45
49,1,1954,2779.576726
50,2,1954,1680.599167
51,3,1954,3487.078571
52,4,1954,2608.071111
53,5,1954,2962.903077
54,6,1954,1578.16
55,7,1954,1491.137778
56,8,1954,1044.72
57,9,1954,1128.721667
58,10,1954,1163.046429
59,11,1954,837.088
60,12,1954,2084.726786
61,1,1955,3090.888421
62,2,1955,4188.356
63,3,1955,3759.602326
64,4,1955,1963.784667
65,5,1955,3385.445789
66,6,1955,3119.786842
67,7,1955,3018.29913
68,8,1955,3420.584138
69,9,1955,3367.41
70,10,1955,1807.677857
71,11,1955,2806.846429
72,12,1955,2178.737727
73,1,1956,2512.253476
74,2,1956,2981.668462
75,3,1956,2986.557586
76,4,1956,308.1311111
77,5,1956,632.2433333
78,6,1956,1907.531875
79,7,1956,2316.944167
80,8,1956,2382.266923
81,9,1956,2770.5865
82,10,1956,2965.508333
83,11,1956,3316.811739
84,12,1956,2455.9855
85,1,1957,2609.387115
86,2,1957,3088.519583
87,3,1957,2198.859
88,4,1957,1215.764615
89,5,1957,1319.374189
90,6,1957,1171.349556
91,7,1957,1257.983043
92,8,1957,2878.963673
93,9,1957,3342.526316
94,10,1957,2570.42
95,11,1957,2864.637179
96,12,1957,1663.263981
97,1,1958,2514.6123
98,2,1958,1935.963415
99,3,1958,2004.359038
100,4,1958,1528.124435
101,5,1958,1713.81806
102,6,1958,2802.557761
103,7,1958,1679.699364
104,8,1958,2038.7125
105,9,1958,1928.026053
106,10,1958,1446.191714
107,11,1958,2258.952931
108,12,1958,2794.617647
109,1,1959,3520.821714
110,2,1959,2807.185122
111,3,1959,3538.461591
112,4,1959,3051.327568
113,5,1959,2360.746667
114,6,1959,3424.664783
115,7,1959,2492.471111
116,8,1959,2772.780556
117,9,1959,456.777619
118,10,1959,367.2044828
119,11,1959,890.4575
120,12,1959,1744.568923
121,1,1960,2004.088349
122,2,1960,397.3236893
123,3,1960,1134.628636
124,4,1960,1755.082353
125,5,1960,1214.421944
126,6,1960,962.2452174
127,7,1960,539.1203974
128,8,1960,332.5494792
129,9,1960,364.4554396
130,10,1960,692.008626
131,11,1960,1090.411769
132,12,1960,1722.909238
133,1,1961,2590.281034
134,2,1961,1972.002459
135,3,1961,1375.696327
136,4,1961,720.9327434
137,5,1961,485.448125
138,6,1961,1479.580811
139,7,1961,914.9082927
140,8,1961,1109.789831
141,9,1961,1619.207692
142,10,1961,520.1045161
143,11,1961,2017.093333
144,12,1961,2131.316667
145,1,1962,2799.294722
146,2,1962,2843.791364
147,3,1962,781.7790769
148,4,1962,1319.374706
149,5,1962,1282.190513
150,6,1962,1327.034699
151,7,1962,1313.087205
152,8,1962,1280.880404
153,9,1962,1349.999076
154,10,1962,957.2429333
155,11,1962,1303.057624
156,12,1962,1413.362353
157,1,1963,1254.235267
158,2,1963,1459.365392
159,3,1963,688.4008187
160,4,1963,1225.818539
161,5,1963,672.3738095
162,6,1963,837.9538065
163,7,1963,1483.775179
164,8,1963,868.3848026
165,9,1963,949.4928906
166,10,1963,544.106
167,11,1963,822.5821698
168,12,1963,879.224619
169,1,1964,2433.474827
170,2,1964,1261.224651
171,3,1964,609.2764641
172,4,1964,850.3421622
173,5,1964,416.0601105
174,6,1964,486.9034322
175,7,1964,585.8646512
176,8,1964,1080.766429
177,9,1964,1034.080588
178,10,1964,606.5135802
179,11,1964,1355.648387
180,12,1964,1793.443718
181,1,1965,2781.364353
182,2,1965,1247.795455
183,3,1965,1053.5475
184,4,1965,466.2124242
185,5,1965,1081.081053
186,6,1965,344.6535714
187,7,1965,478.6776596
188,8,1965,556.0865957
189,9,1965,672.3869231
190,10,1965,1427.185882
191,11,1965,867.55
192,12,1965,1830.097848
193,1,1966,1935.8872
194,2,1966,2981.758558
195,3,1966,1658.064722
196,4,1966,1861.246471
197,5,1966,778.9051493
198,6,1966,2332.132162
199,7,1966,2898.153793
200,8,1966,1762.935
201,9,1966,2842.395588
202,10,1966,1706.247966
203,11,1966,2469.631286
204,12,1966,2349.740119
205,1,1967,2901.944957
206,2,1967,2001.52569
207,3,1967,2018.059888
208,4,1967,1102.253676
209,5,1967,2149.780097
210,6,1967,2281.583061
211,7,1967,2380.541389
212,8,1967,2134.124242
213,9,1967,2420.066027
214,10,1967,2075.872714
215,11,1967,2164.312593
216,12,1967,2082.454304
217,1,1968,2893.468191
218,2,1968,1918.978571
219,3,1968,1960.27087
220,4,1968,622.225873
221,5,1968,1780.548409
222,6,1968,2148.47575
223,7,1968,1530.733412
224,8,1968,1618.595273
225,9,1968,1810.585116
226,10,1968,2392.377174
227,11,1968,2103.939111
228,12,1968,2322.310625
229,1,1969,2074.752346
230,2,1969,3013.519939
231,3,1969,1805.550282
232,4,1969,1156.077277
233,5,1969,1989.033077
234,6,1969,2010.629344
235,7,1969,2244.243
236,8,1969,2320.072439
237,9,1969,2722.708824
238,10,1969,454.750973
239,11,1969,1762.435161
240,12,1969,1862.514157
241,1,1970,2934.755545
242,2,1970,3238.065
243,3,1970,810.365122
244,4,1970,1658.096739
245,5,1970,1677.253556
246,6,1970,2326.110656
247,7,1970,1904.7065
248,8,1970,1283.782778
249,9,1970,1420.250672
250,10,1970,1688.153263
251,11,1970,1441.772857
252,12,1970,2139.711607
253,1,1971,2242.945841
254,2,1971,1982.635845
255,3,1971,1346.620915
256,4,1971,1427.362264
257,5,1971,1463.753696
258,6,1971,2918.436531
259,7,1971,1278.335954
260,8,1971,2612.50913
261,9,1971,2006.657746
262,10,1971,1919.1885
263,11,1971,892.6194161
264,12,1971,3288.756503
265,1,1972,2418.060571
266,2,1972,1361.307333
267,3,1972,1184.841111
268,4,1972,1851.836038
269,5,1972,2798.104638
270,6,1972,2441.123222
271,7,1972,1866.73175
272,8,1972,2206.114875
273,9,1972,3032.8548
274,10,1972,3162.338421
275,11,1972,1388.238333
276,12,1972,2691.411915
277,1,1973,2864.284974
278,2,1973,1064.457798
279,3,1973,840.2658298
280,4,1973,2148.871633
281,5,1973,2485.051224
282,6,1973,2670.420377
283,7,1973,2035.230568
284,8,1973,2000.693802
285,9,1973,2118.863733
286,10,1973,2202.55375
287,11,1973,1260.997589
288,12,1973,2490.797823
289,1,1974,3135.784556
290,2,1974,1164.923298
291,3,1974,1104.542849
292,4,1974,2441.209091
293,5,1974,2654.159643
294,6,1974,3084.392078
295,7,1974,2819.5744
296,8,1974,3038.743478
297,9,1974,3184.667667
298,10,1974,3183.175909
299,11,1974,1423.408811
300,12,1974,1805.109075
301,1,1975,2855.064828
302,2,1975,858.1867647
303,3,1975,1904.044615
304,4,1975,1237.144528
305,5,1975,3249.4434
306,6,1975,2872.13561
307,7,1975,3309.753158
308,8,1975,1998.8325
309,9,1975,2392.118421
310,10,1975,1747.435965
311,11,1975,1619.516656
312,12,1975,1015.236606
313,1,1976,2341.733958
314,2,1976,2280.224098
315,3,1976,1290.874716
316,4,1976,2297.837885
317,5,1976,2915.6955
318,6,1976,1952.423043
319,7,1976,3007.991163
320,8,1976,2580.246863
321,9,1976,1976.53473
322,10,1976,2707.734318
323,11,1976,1559.525084
324,12,1976,939.1191667
325,1,1977,2140.138182
326,2,1977,2821.572
327,3,1977,1327.703833
328,4,1977,2247.6725
329,5,1977,3118.734474
330,6,1977,2689.03275
331,7,1977,1983.576327
332,8,1977,2766.382
333,9,1977,1799.100952
334,10,1977,2146.575741
335,11,1977,1452.208059
336,12,1977,807.8615842
337,1,1978,3305.610419
338,2,1978,1546.275821
339,3,1978,979.7737755
340,4,1978,1343.500612
341,5,1978,1621.044634
342,6,1978,2172.646889
343,7,1978,2119.920417
344,8,1978,2105.378571
345,9,1978,2147.529231
346,10,1978,1051.895556
347,11,1978,2197.790077
348,12,1978,878.1947312
349,1,1979,3133.280537
350,2,1979,1163.978704
351,3,1979,984.1185802
352,4,1979,1827.56375
353,5,1979,2192.881795
354,6,1979,2337.081795
355,7,1979,2492.984118
356,8,1979,2223.325294
357,9,1979,1819.143871
358,10,1979,2348.782791
359,11,1979,2861.915577
360,12,1979,2623.726571
361,1,1980,3243.635926
362,2,1980,2926.948462
363,3,1980,907.9218939
364,4,1980,1692.495714
365,5,1980,2161.296552
366,6,1980,2016.735179
367,7,1980,2073.173878
368,8,1980,2540.581818
369,9,1980,2420.819167
370,10,1980,1190.968261
371,11,1980,1767.103789
372,12,1980,2004.603387
373,1,1981,2655.590909
374,2,1981,2006.245833
375,3,1981,930.2808108
376,4,1981,1717.392041
377,5,1981,2134.609375
378,6,1981,1938.596333
379,7,1981,1901.532917
380,8,1981,1723.455385
381,9,1981,2265.209877
382,10,1981,2389.185843
383,11,1981,1097.987396
384,12,1981,1330.6675
385,1,1982,3432.502361
386,2,1982,1168.078667
387,3,1982,708.9768526
388,4,1982,2249.969677
389,5,1982,1133.684819
390,6,1982,942.7329268
391,7,1982,951.404878
392,8,1982,1344.814706
393,9,1982,1801.699885
394,10,1982,1529.146744
395,11,1982,484.1179739
396,12,1982,843.7642177
397,1,1983,2762.148261
398,2,1983,1736.455943
399,3,1983,1131.010902
400,4,1983,1462.315699
401,5,1983,1893.225738
402,6,1983,2232.236154
403,7,1983,2332.216034
404,8,1983,2027.737042
405,9,1983,2297.654348
406,10,1983,1763.7875
407,11,1983,537.049551
408,12,1983,1220.732075
409,1,1984,3168.6726
410,2,1984,1089.479767
411,3,1984,916.6537162
412,4,1984,1298.732917
413,5,1984,1842.082647
414,6,1984,1679.132121
415,7,1984,1698.60881
416,8,1984,1785.747368
417,9,1984,1536.476061
418,10,1984,1679.801173
419,11,1984,606.8360547
420,12,1984,1616.066923
421,1,1985,3116.429425
422,2,1985,1104.872857
423,3,1985,984.7782468
424,4,1985,1927.746327
425,5,1985,1686.739592
426,6,1985,1597.453056
427,7,1985,1393.906
428,8,1985,1693.344138
429,9,1985,1872.429068
430,10,1985,1531.300134
431,11,1985,728.667037
432,12,1985,2582.1348
433,1,1986,2249.837179
434,2,1986,2230.682781
435,3,1986,1098.970467
436,4,1986,1038.520667
437,5,1986,1684.616176
438,6,1986,1910.293429
439,7,1986,1700.008889
440,8,1986,1376.532927
441,9,1986,2106.362329
442,10,1986,1699.968187
443,11,1986,827.6269753
444,12,1986,824.8567368
445,1,1987,1477.987826
446,2,1987,2393.984086
447,3,1987,1555.045859
448,4,1987,1479.223086
449,5,1987,1788.880658
450,6,1987,1865.79358
451,7,1987,1621.206774
452,8,1987,1759.7624
453,9,1987,1827.262807
454,10,1987,1726.148059
455,11,1987,627.6682292
456,12,1987,2020.132841
457,1,1988,1141.62784
458,2,1988,1561.552799
459,3,1988,1335.191154
460,4,1988,1580.994298
461,5,1988,1376.401613
462,6,1988,1096.648451
463,7,1988,1627.676842
464,8,1988,1815.612432
465,9,1988,1954.09375
466,10,1988,1580.168808
467,11,1988,1430.136116
468,12,1988,1844.738182
469,1,1989,821.5680687
470,2,1989,1991.007767
471,3,1989,1317.635877
472,4,1989,1311.788889
473,5,1989,1735.803333
474,6,1989,1658.659714
475,7,1989,1824.205
476,8,1989,1898.12125
477,9,1989,1970.227111
478,10,1989,1253.314706
479,11,1989,807.5343307
480,12,1989,1524.105108
481,1,1990,1313.675931
482,2,1990,2262.958765
483,3,1990,1543.878615
484,4,1990,1588.453836
485,5,1990,1720.871928
486,6,1990,1579.171111
487,7,1990,1690.615143
488,8,1990,1748.678491
489,9,1990,1498.062301
490,10,1990,1589.357619
491,11,1990,900.6725893
492,12,1990,1524.242252
493,1,1991,1153.545221
494,2,1991,2401.615799
495,3,1991,1442.35
496,4,1991,1554.340952
497,5,1991,1667.126912
498,6,1991,1663.205349
499,7,1991,1686.804565
500,8,1991,2397.115465
501,9,1991,1689.697733
502,10,1991,1690.366069
503,11,1991,1192.278912
504,12,1991,1861.55848
505,1,1992,1635.278933
506,2,1992,1441.033214
507,3,1992,1711.504138
508,4,1992,1527.499111
509,5,1992,1718.161806
510,6,1992,1638.653671
511,7,1992,1768.342105
512,8,1992,1927.6
513,9,1992,2165.405476
514,10,1992,1735.197681
515,11,1992,947.6639894
516,12,1992,1641.730763
517,1,1993,1833.58237
518,2,1993,1691.047252
519,3,1993,2063.852138
520,4,1993,1870.100396
521,5,1993,1968.363385
522,6,1993,1798.281053
523,7,1993,1943.85
524,8,1993,2149.178182
525,9,1993,2104.390472
526,10,1993,1985.37482
527,11,1993,1885.725439
528,12,1993,1973.09386
529,1,1994,2139.334292
530,2,1994,2622.925646
531,3,1994,1608.378905
532,4,1994,1648.874715
533,5,1994,3098.234306
534,6,1994,2353.598352
535,7,1994,2043.508448
536,8,1994,3240.644603
537,9,1994,2179.311167
538,10,1994,1895.045102
539,11,1994,1657.771277
540,12,1994,1720.083779
541,1,1995,1038.78071
542,2,1995,2021.584796
543,3,1995,2277.398812
544,4,1995,2172.820794
545,5,1995,1913.493333
546,6,1995,1958.569054
547,7,1995,1768.527232
548,8,1995,1909.37567
549,9,1995,1888.648804
550,10,1995,2295.942769
551,11,1995,1170.285698
552,12,1995,2634.656036
553,1,1996,2263.138199
554,2,1996,1557.690105
555,3,1996,1786.419328
556,4,1996,1921.743413
557,5,1996,1908.952522
558,6,1996,2175.919043
559,7,1996,2108.063855
560,8,1996,2306.310556
561,9,1996,2604.005
562,10,1996,2398.5588
563,11,1996,975.0612381
564,12,1996,2571.137372
565,1,1997,2138.682078
566,2,1997,2250.328323
567,3,1997,2083.400913
568,4,1997,2134.288133
569,5,1997,2528.262136
570,6,1997,2707.143474
571,7,1997,2439.552333
572,8,1997,2418.045361
573,9,1997,2568.985169
574,10,1997,1892.27434
575,11,1997,921.3873649
576,12,1997,2576.909044
577,1,1998,2512.752755
578,2,1998,1388.911429
579,3,1998,1879.398698
580,4,1998,1963.970286
581,5,1998,1817.710976
582,6,1998,1880.16102
583,7,1998,2135.521231
584,8,1998,2053.618625
585,9,1998,2491.006279
586,10,1998,1882.225033
587,11,1998,931.1560759
588,12,1998,2281.108876
589,1,1999,2435.564695
590,2,1999,1524.582436
591,3,1999,2118.539863
592,4,1999,2030.058485
593,5,1999,2314.338333
594,6,1999,2314.645522
595,7,1999,2176.467849
596,8,1999,2502.057917
597,9,1999,2305.546974
598,10,1999,1861.362644
599,11,1999,878.3625794
600,12,1999,2453.5248
601,1,2000,2565.378075
602,2,2000,1602.900783
603,3,2000,1993.218098
604,4,2000,2006.634522
605,5,2000,2297.916812
606,6,2000,2426.336667
607,7,2000,2495.383529
608,8,2000,2902.065
609,9,2000,3079.480778
610,10,2000,1893.514823
611,11,2000,1198.242368
612,12,2000,2290.664037
613,1,2001,2442.695915
614,2,2001,1538.107137
615,3,2001,2020.193623
616,4,2001,1933.89252
617,5,2001,1770.308085
618,6,2001,2690.8947
619,7,2001,1858.659167
620,8,2001,2379.29559
621,9,2001,2010.308765
622,10,2001,1912.428341
623,11,2001,1207.897666
624,12,2001,2095.142833
625,1,2002,2406.582526
626,2,2002,1606.150448
627,3,2002,1792.725714
628,4,2002,1863.202565
629,5,2002,1817.145292
630,6,2002,1808.930152
631,7,2002,1784.285139
632,8,2002,2031.980303
633,9,2002,1851.22701
634,10,2002,1899.179891
635,11,2002,1072.114026
636,12,2002,2210.674823
637,1,2003,2350.56532
638,2,2003,1951.511306
639,3,2003,2099.173889
640,4,2003,1889.96608
641,5,2003,2014.02887
642,6,2003,1931.541156
643,7,2003,1943.582924
644,8,2003,1934.599831
645,9,2003,1697.161645
646,10,2003,1799.371594
647,11,2003,1220.908858
648,12,2003,2058.734364
649,1,2004,2206.350417
650,2,2004,1905.789032
651,3,2004,1850.279502
652,4,2004,1824.215588
653,5,2004,1992.866092
654,6,2004,1974.805207
655,7,2004,2033.095838
656,8,2004,2021.653832
657,9,2004,2096.049573
658,10,2004,1970.188651
659,11,2004,1357.594876
660,12,2004,2228.256007
661,1,2005,2257.966928
662,2,2005,1588.568351
663,3,2005,2164.606164
664,4,2005,1979.037625
665,5,2005,2027.228692
666,6,2005,1968.850809
667,7,2005,2036.868855
668,8,2005,2086.449769
669,9,2005,2095.975385
670,10,2005,1955.887549
671,11,2005,2197.265075
672,12,2005,1475.591462
673,1,2006,2076.460623
674,2,2006,1780.498734
675,3,2006,2104.393351
676,4,2006,2124.0875
677,5,2006,2233.802907
678,6,2006,2078.212976
679,7,2006,2105.820324
680,8,2006,2311.844938
681,9,2006,2105.63
682,10,2006,2198.812611
683,11,2006,1376.071465
684,12,2006,2129.832331
685,1,2007,2361.301754
686,2,2007,1810.904228
687,3,2007,2096.097944
688,4,2007,2379.232753
689,5,2007,2080.561327
690,6,2007,2201.9524
691,7,2007,2078.60596
692,8,2007,2169.214366
693,9,2007,2180.971389
694,10,2007,2031.8605
695,11,2007,1346.537913
696,12,2007,2253.716407
697,1,2008,2507.61189
698,2,2008,1918.650528
699,3,2008,1808.851399
700,4,2008,1966.457937
701,5,2008,2015.674035
702,6,2008,2054.472407
703,7,2008,2072.458805
704,8,2008,2122.416351
705,9,2008,2139.706069
706,10,2008,2003.277158
707,11,2008,1404.505094
708,12,2008,2195.846287
709,1,2009,2126.959005
710,2,2009,1999.861015
711,3,2009,2354.549121
712,4,2009,2480.455714
713,5,2009,2101.998245
714,6,2009,2348.851587
715,7,2009,2382.58
716,8,2009,2385.08456
717,9,2009,2270.335622
718,10,2009,2150.52895
719,11,2009,1761.100671
720,12,2009,2181.354567
721,1,2010,2263.257671
722,2,2010,2288.917561
723,3,2010,2143.535639
724,4,2010,2203.017
725,5,2010,2460.696186
726,6,2010,1999.841204
727,7,2010,2252.765625
728,8,2010,2372.849333
729,9,2010,1765.6238
730,10,2010,1841.517027
731,11,2010,1411.801934
732,12,2010,1993.825
733,1,2011,1492.298293
734,2,2011,2354.546586
735,3,2011,1810.97141
736,4,2011,1821.816792
737,5,2011,1865.942708
738,6,2011,1837.597263
739,7,2011,1924.754817
740,8,2011,1673.3296
741,9,2011,1584.213755
742,10,2011,1592.679921
743,11,2011,1642.204734
744,12,2011,1799.658696
745,1,2012,1788.049486
746,2,2012,2149.456553
747,3,2012,1854.544754
748,4,2012,1749.17219
749,5,2012,1707.287979
750,6,2012,1384.228122
751,7,2012,1706.094314
752,8,2012,1803.210071
753,9,2012,1622.016906
754,10,2012,1528.730698
755,11,2012,1291.117039
756,12,2012,1913.515939
757,1,2013,1928.220279
758,2,2013,2104.961185
759,3,2013,1713.967013
760,4,2013,1696.811189
761,5,2013,1689.750106
762,6,2013,1701.91512
763,7,2013,1760.810789
764,8,2013,1977.467037
765,9,2013,1267.119675
766,10,2013,1264.864638
767,11,2013,1356.372226
768,12,2013,1647.363067
769,1,2014,1302.424739
770,2,2014,1418.5575
771,3,2014,2124.589511
772,4,2014,1368.567943
773,5,2014,1455.498008
774,6,2014,1431.77378
775,7,2014,1504.961391
776,8,2014,1486.082772
777,9,2014,1041.967059
778,10,2014,1314.111811
779,11,2014,1113.367951
780,12,2014,1559.564275
781,1,2015,1108.378006
782,2,2015,1901.171206
783,3,2015,1356.774766
784,4,2015,1361.30217
785,5,2015,1388.304722
786,6,2015,1057.797829
787,7,2015,1369.358882
788,8,2015,1660.408625
789,9,2015,1668.104019
790,10,2015,1601.779113
791,11,2015,1291.403559
792,12,2015,1747.032313
793,1,2016,1201.364751
794,2,2016,2054.447813
795,3,2016,1783.628384
796,4,2016,1487.522016
797,5,2016,1499.248661
798,6,2016,1334.474435
799,7,2016,1415.592528
800,8,2016,1390.861667
801,9,2016,1163.84326
802,10,2016,1302.988164
803,11,2016,1149.617673
804,12,2016,1533.828369
805,1,2017,1259.525613
806,2,2017,1734.000583
807,3,2017,1393.371041
808,4,2017,1579.459485
809,5,2017,1367.173985
810,6,2017,1199.288174
811,7,2017,1633.936205
812,8,2017,1650.191575
813,9,2017,1491.482426
814,10,2017,1533.123673
815,11,2017,1108.287294
816,12,2017,1489.62949
817,1,2018,1328.193352
818,2,2018,2303.37254
819,3,2018,1311.321968
820,4,2018,1654.393243
821,5,2018,1500.132108
822,6,2018,1098.186025
823,7,2018,1608.800662
824,8,2018,1602.357682
825,9,2018,1541.455915
826,10,2018,1323.393857
827,11,2018,1091.744384
828,12,2018,1742.201952
829,1,2019,1678.028326
830,2,2019,2433.634416
831,3,2019,1460.593617
832,4,2019,1665.253642
833,5,2019,1426.672995
834,6,2019,1545.534286
835,7,2019,1626.327342
836,8,2019,1674.374783
837,9,2019,1736.896019
838,10,2019,1512.039662
839,12,2019,1738.715
